Unnamed: 0 : 0
apnoea : 0.000124561363618
arthralgia : 0.000124561363618
ataxia : 0.000124561363618
blush : 0.000124561363618
gurgl : 0.000124561363618
halo : 0.000124561363618
hangov : 0.000124561363618
hoars : 0.000124561363618
hunger : 0.000124561363618
photophobia : 0.000124561363618
polyuria : 0.000124561363618
qol : 0.000124561363618
rigor : 0.000124561363618
rundown : 0.000124561363618
spastic : 0.000124561363618
wheezi : 0.000124561363618
clumsi : 0.000249122727236
dystonia : 0.000249122727236
fascicul : 0.000249122727236
floppi : 0.000249122727236
gasp : 0.000249122727236
hemiplegia : 0.000249122727236
jaundic : 0.000249122727236
quiver : 0.000249122727236
woozi : 0.000249122727236
burp : 0.000373684090854
imbal : 0.000373684090854
restless : 0.000373684090854
stagger : 0.000373684090854
suffoc : 0.000373684090854
wast : 0.000373684090854
convuls : 0.000498245454472
dyspnoea : 0.000498245454472
sigh : 0.000498245454472
ailment : 0.000622806818089
jerk : 0.000622806818089
lazi : 0.000622806818089
malais : 0.000622806818089
nervous : 0.000622806818089
prickl : 0.000622806818089
snore : 0.000622806818089
tinnitu : 0.000622806818089
giddi : 0.000747368181707
nauseou : 0.000747368181707
sleepless : 0.000747368181707
hungri : 0.000871929545325
blotchi : 0.000996490908943
letharg : 0.000996490908943
lethargi : 0.000996490908943
trigemini : 0.000996490908943
blackout : 0.00112105227256
hive : 0.00112105227256
sluggish : 0.00112105227256
sneez : 0.00112105227256
tens : 0.00112105227256
agit : 0.00124561363618
chill : 0.00124561363618
dizzy : 0.00124561363618
tender : 0.00124561363618
belch : 0.00149473636341
heartburn : 0.00149473636341
indigest : 0.00149473636341
nauseat : 0.00149473636341
constip : 0.00161929772703
miser : 0.00161929772703
seizur : 0.00161929772703
dull : 0.00174385909065
flare : 0.00174385909065
insomnia : 0.00174385909065
breathless : 0.00186842045427
lightheaded : 0.00199298181789
nightmar : 0.00199298181789
tired : 0.00199298181789
wheez : 0.00199298181789
bloat : 0.0021175431815
stiff : 0.00224210454512
mass : 0.00236666590874
trembl : 0.00274034999959
vertigo : 0.00286491136321
lighthead : 0.00336315681768
fever : 0.00361227954492
syncop : 0.00361227954492
exhaust : 0.00373684090854
spot : 0.00373684090854
rash : 0.00386140227215
sore : 0.00386140227215
ill : 0.00398596363577
shake : 0.00423508636301
fluctuat : 0.00435964772663
sob : 0.00435964772663
tingl : 0.00460877045386
flush : 0.00473333181748
cramp : 0.0048578931811
vomit : 0.0048578931811
fit : 0.00498245454472
burn : 0.00535613863557
tremor : 0.00635262954451
ach : 0.00685087499898
exert : 0.00734912045346
faint : 0.00734912045346
spell : 0.00747368181707
regurgit : 0.00784736590793
spasm : 0.00784736590793
confus : 0.00797192727155
nervou : 0.00809648863516
swell : 0.0083456113624
angina : 0.00859473408963
sick : 0.00859473408963
nausea : 0.00884385681687
discomfort : 0.00896841818049
numb : 0.010089470453
cough : 0.0108368386348
doe : 0.0124561363618
fatigu : 0.012705259089
tire : 0.0130789431799
weak : 0.0130789431799
headach : 0.0217982386331
dizzi : 0.0250368340872
pain : 0.118831540891
